5.000000000000000000e+00 9.300484767095430527e+01 9.816076912227904572e-01
7.000000000000000000e+00 9.559594392140877517e+01 1.137110585325842305e+00
1.000000000000000000e+01 9.748072783952888187e+01 1.047506899629194965e+00
1.200000000000000000e+01 9.822298540834793812e+01 3.002560792165516190e+00
1.400000000000000000e+01 1.000000000000000000e+02 9.111348821807132570e-01
1.600000000000000000e+01 9.658176242281497537e+01 1.517179478649566704e+00
1.800000000000000000e+01 9.527846463256778975e+01 1.952587875472128864e+00
2.300000000000000000e+01 8.491013058518976209e+01 1.742668950595462674e+00
2.800000000000000000e+01 5.988413135224143957e+01 8.357754651861580841e-01
3.100000000000000000e+01 4.060985849051759544e+01 7.883092471373300825e-01
3.600000000000000000e+01 1.363498035924021146e+01 5.057474455750173847e-01
