5.000000000000000000e+00 9.547697368421053454e+01 4.351564656356207150e-01
7.000000000000000000e+00 9.691611842105264429e+01 5.454974984137195282e-01
1.000000000000000000e+01 9.880756578947369917e+01 5.002271817679448951e-01
1.200000000000000000e+01 9.962993421052632925e+01 5.454974984137154204e-01
1.400000000000000000e+01 1.000000000000000000e+02 5.069419410336364340e-01
1.600000000000000000e+01 9.864309210526317884e+01 5.069419410336318821e-01
1.800000000000000000e+01 9.617598684210527438e+01 5.069419410336318821e-01
2.300000000000000000e+01 8.511513157894739834e+01 2.965091509427624228e-01
2.800000000000000000e+01 6.180098684210527438e+01 2.600557286322686679e-01
3.100000000000000000e+01 4.321546052631580181e+01 3.289473684210516558e-01
3.600000000000000000e+01 1.406250000000000000e+01 3.131485652082198201e-01
