0.000000000000000000e+00 8.359999999999999432e+01
2.999999999999999889e-01 8.409999999999999432e+01
6.999999999999999556e-01 8.379999999999999716e+01
1.000000000000000000e+00 8.240000000000000568e+01
1.399999999999999911e+00 8.220000000000000284e+01
1.699999999999999956e+00 8.129999999999999716e+01
2.000000000000000000e+00 8.229999999999999716e+01
2.399999999999999911e+00 8.370000000000000284e+01
2.700000000000000178e+00 8.509999999999999432e+01
3.000000000000000000e+00 8.590000000000000568e+01
3.399999999999999911e+00 8.759999999999999432e+01
3.700000000000000178e+00 8.870000000000000284e+01
4.099999999999999645e+00 8.929999999999999716e+01
4.400000000000000355e+00 8.970000000000000284e+01
4.700000000000000178e+00 9.050000000000000000e+01
5.099999999999999645e+00 9.150000000000000000e+01
5.400000000000000355e+00 9.240000000000000568e+01
5.799999999999999822e+00 9.279999999999999716e+01
6.099999999999999645e+00 9.300000000000000000e+01
6.400000000000000355e+00 9.340000000000000568e+01
6.799999999999999822e+00 9.440000000000000568e+01
7.099999999999999645e+00 9.490000000000000568e+01
7.500000000000000000e+00 9.500000000000000000e+01
7.799999999999999822e+00 9.559999999999999432e+01
8.099999999999999645e+00 9.600000000000000000e+01
8.500000000000000000e+00 9.629999999999999716e+01
8.800000000000000711e+00 9.640000000000000568e+01
9.099999999999999645e+00 9.620000000000000284e+01
9.500000000000000000e+00 9.679999999999999716e+01
9.800000000000000711e+00 9.740000000000000568e+01
1.019999999999999929e+01 9.829999999999999716e+01
1.050000000000000000e+01 9.740000000000000568e+01
1.080000000000000071e+01 9.790000000000000568e+01
1.119999999999999929e+01 9.900000000000000000e+01
1.150000000000000000e+01 9.920000000000000284e+01
1.190000000000000036e+01 9.900000000000000000e+01
1.219999999999999929e+01 9.900000000000000000e+01
1.250000000000000000e+01 9.959999999999999432e+01
1.290000000000000036e+01 9.970000000000000284e+01
1.319999999999999929e+01 9.979999999999999716e+01
1.350000000000000000e+01 9.990000000000000568e+01
1.390000000000000036e+01 9.990000000000000568e+01
1.419999999999999929e+01 9.979999999999999716e+01
1.459999999999999964e+01 9.979999999999999716e+01
1.490000000000000036e+01 9.920000000000000284e+01
1.519999999999999929e+01 1.000000000000000000e+02
1.559999999999999964e+01 9.929999999999999716e+01
1.590000000000000036e+01 9.879999999999999716e+01
1.630000000000000071e+01 9.859999999999999432e+01
1.660000000000000142e+01 9.829999999999999716e+01
1.689999999999999858e+01 9.829999999999999716e+01
1.730000000000000071e+01 9.750000000000000000e+01
1.760000000000000142e+01 9.750000000000000000e+01
1.789999999999999858e+01 9.790000000000000568e+01
1.830000000000000071e+01 9.729999999999999716e+01
1.860000000000000142e+01 9.570000000000000284e+01
1.900000000000000000e+01 9.400000000000000000e+01
1.930000000000000071e+01 9.520000000000000284e+01
1.960000000000000142e+01 9.320000000000000284e+01
2.000000000000000000e+01 9.340000000000000568e+01
2.030000000000000071e+01 9.250000000000000000e+01
2.069999999999999929e+01 9.190000000000000568e+01
2.100000000000000000e+01 9.020000000000000284e+01
2.130000000000000071e+01 8.959999999999999432e+01
2.169999999999999929e+01 8.859999999999999432e+01
2.200000000000000000e+01 8.720000000000000284e+01
2.239999999999999858e+01 8.550000000000000000e+01
2.269999999999999929e+01 8.500000000000000000e+01
2.300000000000000000e+01 8.279999999999999716e+01
2.339999999999999858e+01 8.209999999999999432e+01
2.369999999999999929e+01 8.090000000000000568e+01
2.400000000000000000e+01 7.879999999999999716e+01
2.439999999999999858e+01 7.700000000000000000e+01
2.469999999999999929e+01 7.609999999999999432e+01
2.510000000000000142e+01 7.440000000000000568e+01
2.539999999999999858e+01 7.250000000000000000e+01
2.569999999999999929e+01 7.059999999999999432e+01
2.610000000000000142e+01 6.920000000000000284e+01
2.639999999999999858e+01 6.759999999999999432e+01
2.680000000000000071e+01 6.559999999999999432e+01
2.710000000000000142e+01 6.409999999999999432e+01
2.739999999999999858e+01 6.139999999999999858e+01
2.780000000000000071e+01 5.960000000000000142e+01
2.810000000000000142e+01 5.789999999999999858e+01
2.839999999999999858e+01 5.560000000000000142e+01
2.880000000000000071e+01 5.339999999999999858e+01
2.910000000000000142e+01 5.200000000000000000e+01
2.950000000000000000e+01 4.939999999999999858e+01
2.980000000000000071e+01 4.710000000000000142e+01
3.010000000000000142e+01 4.500000000000000000e+01
3.050000000000000000e+01 4.320000000000000284e+01
3.080000000000000071e+01 4.120000000000000284e+01
3.119999999999999929e+01 3.900000000000000000e+01
3.150000000000000000e+01 3.689999999999999858e+01
3.180000000000000071e+01 3.529999999999999716e+01
3.220000000000000284e+01 3.350000000000000000e+01
3.250000000000000000e+01 3.089999999999999858e+01
3.289999999999999858e+01 2.939999999999999858e+01
3.320000000000000284e+01 2.719999999999999929e+01
3.350000000000000000e+01 2.560000000000000142e+01
3.389999999999999858e+01 2.380000000000000071e+01
3.420000000000000284e+01 2.189999999999999858e+01
3.450000000000000000e+01 2.010000000000000142e+01
3.489999999999999858e+01 1.860000000000000142e+01
3.520000000000000284e+01 1.700000000000000000e+01
3.560000000000000142e+01 1.559999999999999964e+01
3.589999999999999858e+01 1.419999999999999929e+01
3.620000000000000284e+01 1.300000000000000000e+01
3.660000000000000142e+01 1.169999999999999929e+01
3.689999999999999858e+01 1.069999999999999929e+01
3.729999999999999716e+01 9.699999999999999289e+00
3.760000000000000142e+01 8.400000000000000355e+00
3.789999999999999858e+01 7.799999999999999822e+00
3.829999999999999716e+01 7.000000000000000000e+00
3.860000000000000142e+01 6.200000000000000178e+00
3.889999999999999858e+01 5.500000000000000000e+00
3.929999999999999716e+01 5.000000000000000000e+00
3.960000000000000142e+01 4.599999999999999645e+00
4.000000000000000000e+01 4.099999999999999645e+00
4.029999999999999716e+01 3.700000000000000178e+00
4.060000000000000142e+01 3.500000000000000000e+00
4.100000000000000000e+01 3.200000000000000178e+00
4.129999999999999716e+01 2.799999999999999822e+00
4.170000000000000284e+01 2.600000000000000089e+00
4.200000000000000000e+01 2.500000000000000000e+00
4.229999999999999716e+01 2.399999999999999911e+00
4.270000000000000284e+01 2.399999999999999911e+00
4.300000000000000000e+01 2.200000000000000178e+00
4.329999999999999716e+01 2.000000000000000000e+00
4.370000000000000284e+01 2.200000000000000178e+00
4.400000000000000000e+01 2.000000000000000000e+00
4.439999999999999858e+01 1.800000000000000044e+00
4.470000000000000284e+01 1.899999999999999911e+00
4.500000000000000000e+01 1.899999999999999911e+00
