0.000000000000000000e+00 8.396999999999999886e+01
3.400000000000000244e-01 8.237000000000000455e+01
6.800000000000000488e-01 8.059000000000000341e+01
1.020000000000000018e+00 8.093000000000000682e+01
1.350000000000000089e+00 8.364000000000000057e+01
1.689999999999999947e+00 8.553000000000000114e+01
2.029999999999999805e+00 8.729999999999999716e+01
2.370000000000000107e+00 8.956999999999999318e+01
2.709999999999999964e+00 9.032999999999999829e+01
3.049999999999999822e+00 9.181999999999999318e+01
3.390000000000000124e+00 9.385999999999999943e+01
3.729999999999999982e+00 9.401999999999999602e+01
4.059999999999999609e+00 9.554000000000000625e+01
4.400000000000000355e+00 9.632999999999999829e+01
4.740000000000000213e+00 9.623999999999999488e+01
5.080000000000000071e+00 9.726999999999999602e+01
5.419999999999999929e+00 9.807999999999999829e+01
5.759999999999999787e+00 9.826000000000000512e+01
6.099999999999999645e+00 9.784999999999999432e+01
6.429999999999999716e+00 9.701999999999999602e+01
6.769999999999999574e+00 9.846999999999999886e+01
7.110000000000000320e+00 9.957999999999999829e+01
7.450000000000000178e+00 9.890999999999999659e+01
7.790000000000000036e+00 9.895000000000000284e+01
8.130000000000000782e+00 9.873999999999999488e+01
8.470000000000000639e+00 9.904000000000000625e+01
8.810000000000000497e+00 9.956999999999999318e+01
9.140000000000000568e+00 1.000000000000000000e+02
9.480000000000000426e+00 9.803000000000000114e+01
9.820000000000000284e+00 9.765999999999999659e+01
1.016000000000000014e+01 9.762000000000000455e+01
1.050000000000000000e+01 9.779999999999999716e+01
1.083999999999999986e+01 9.762000000000000455e+01
1.117999999999999972e+01 9.715999999999999659e+01
1.150999999999999979e+01 9.626999999999999602e+01
1.184999999999999964e+01 9.623000000000000398e+01
1.218999999999999950e+01 9.584000000000000341e+01
1.252999999999999936e+01 9.401000000000000512e+01
1.286999999999999922e+01 9.420000000000000284e+01
1.321000000000000085e+01 9.340000000000000568e+01
1.355000000000000071e+01 9.137000000000000455e+01
1.389000000000000057e+01 9.107999999999999829e+01
1.422000000000000064e+01 9.042000000000000171e+01
1.456000000000000050e+01 8.985999999999999943e+01
1.490000000000000036e+01 8.759000000000000341e+01
1.524000000000000021e+01 8.715000000000000568e+01
1.558000000000000007e+01 8.587000000000000455e+01
1.591999999999999993e+01 8.521999999999999886e+01
1.626000000000000156e+01 8.379000000000000625e+01
1.658999999999999986e+01 8.178000000000000114e+01
1.692999999999999972e+01 7.937999999999999545e+01
1.726999999999999957e+01 7.909999999999999432e+01
1.760999999999999943e+01 7.675000000000000000e+01
1.794999999999999929e+01 7.559000000000000341e+01
1.828999999999999915e+01 7.395999999999999375e+01
1.862999999999999901e+01 7.201000000000000512e+01
1.896999999999999886e+01 7.082999999999999829e+01
1.930000000000000071e+01 6.926000000000000512e+01
1.964000000000000057e+01 6.756000000000000227e+01
1.998000000000000043e+01 6.590999999999999659e+01
2.032000000000000028e+01 6.415000000000000568e+01
2.066000000000000014e+01 6.204999999999999716e+01
2.100000000000000000e+01 6.065999999999999659e+01
2.133999999999999986e+01 5.867999999999999972e+01
2.167000000000000171e+01 5.656000000000000227e+01
2.201000000000000156e+01 5.507999999999999829e+01
2.235000000000000142e+01 5.338000000000000256e+01
2.269000000000000128e+01 5.064000000000000057e+01
2.303000000000000114e+01 4.943999999999999773e+01
2.337000000000000099e+01 4.760999999999999943e+01
2.371000000000000085e+01 4.539999999999999858e+01
2.405000000000000071e+01 4.347999999999999687e+01
2.437999999999999901e+01 4.170000000000000284e+01
2.471999999999999886e+01 3.971000000000000085e+01
2.505999999999999872e+01 3.790999999999999659e+01
2.539999999999999858e+01 3.596999999999999886e+01
2.573999999999999844e+01 3.431000000000000227e+01
2.607999999999999829e+01 3.254999999999999716e+01
2.642000000000000171e+01 3.092999999999999972e+01
2.675000000000000000e+01 2.937000000000000099e+01
2.708999999999999986e+01 2.755999999999999872e+01
2.742999999999999972e+01 2.601000000000000156e+01
2.776999999999999957e+01 2.430999999999999872e+01
2.810999999999999943e+01 2.280999999999999872e+01
2.844999999999999929e+01 2.137000000000000099e+01
2.878999999999999915e+01 1.994999999999999929e+01
2.912999999999999901e+01 1.858999999999999986e+01
2.946000000000000085e+01 1.730000000000000071e+01
2.980000000000000071e+01 1.603999999999999915e+01
3.014000000000000057e+01 1.475000000000000000e+01
3.048000000000000043e+01 1.350999999999999979e+01
3.082000000000000028e+01 1.255000000000000071e+01
3.116000000000000014e+01 1.143999999999999950e+01
3.150000000000000000e+01 1.042999999999999972e+01
3.182999999999999829e+01 9.550000000000000711e+00
3.217000000000000171e+01 8.589999999999999858e+00
3.250999999999999801e+01 7.879999999999999893e+00
3.285000000000000142e+01 7.200000000000000178e+00
3.318999999999999773e+01 6.440000000000000391e+00
3.353000000000000114e+01 5.820000000000000284e+00
3.386999999999999744e+01 5.230000000000000426e+00
3.421000000000000085e+01 4.719999999999999751e+00
3.453999999999999915e+01 4.209999999999999964e+00
3.488000000000000256e+01 3.649999999999999911e+00
3.521999999999999886e+01 3.120000000000000107e+00
3.556000000000000227e+01 2.870000000000000107e+00
3.589999999999999858e+01 2.649999999999999911e+00
3.624000000000000199e+01 2.330000000000000071e+00
3.657999999999999829e+01 2.069999999999999840e+00
3.690999999999999659e+01 1.870000000000000107e+00
3.725000000000000000e+01 1.659999999999999920e+00
3.759000000000000341e+01 1.489999999999999991e+00
3.792999999999999972e+01 1.379999999999999893e+00
3.827000000000000313e+01 1.250000000000000000e+00
3.860999999999999943e+01 1.169999999999999929e+00
3.895000000000000284e+01 1.020000000000000018e+00
3.928999999999999915e+01 1.000000000000000000e+00
3.961999999999999744e+01 1.040000000000000036e+00
3.996000000000000085e+01 9.399999999999999467e-01
4.029999999999999716e+01 9.399999999999999467e-01
4.064000000000000057e+01 8.499999999999999778e-01
4.097999999999999687e+01 8.499999999999999778e-01
4.132000000000000028e+01 7.900000000000000355e-01
4.165999999999999659e+01 7.399999999999999911e-01
4.199000000000000199e+01 7.600000000000000089e-01
4.232999999999999829e+01 6.700000000000000400e-01
4.267000000000000171e+01 6.600000000000000311e-01
4.300999999999999801e+01 6.600000000000000311e-01
4.335000000000000142e+01 6.700000000000000400e-01
4.368999999999999773e+01 6.300000000000000044e-01
4.403000000000000114e+01 6.400000000000000133e-01
4.436999999999999744e+01 5.400000000000000355e-01
4.470000000000000284e+01 5.699999999999999512e-01
4.503999999999999915e+01 5.300000000000000266e-01
4.538000000000000256e+01 6.400000000000000133e-01
4.571999999999999886e+01 5.799999999999999600e-01
4.606000000000000227e+01 5.899999999999999689e-01
4.639999999999999858e+01 5.999999999999999778e-01
4.674000000000000199e+01 4.500000000000000111e-01
4.707000000000000028e+01 5.300000000000000266e-01
4.740999999999999659e+01 5.400000000000000355e-01
4.775000000000000000e+01 5.300000000000000266e-01
4.809000000000000341e+01 5.500000000000000444e-01
4.842999999999999972e+01 5.500000000000000444e-01
4.877000000000000313e+01 3.900000000000000133e-01
4.910999999999999943e+01 5.300000000000000266e-01
