-60.0	3.7
-59.7	4.0
-59.3	4.3
-59.0	4.8
-58.6	5.2
-58.3	5.6
-57.9	6.0
-57.6	6.6
-57.2	7.2
-56.9	7.9
-56.5	8.6
-56.2	9.5
-55.8	10.4
-55.4	11.4
-55.1	12.6
-54.7	14.0
-54.4	15.4
-54.0	17.2
-53.7	19.1
-53.3	21.3
-53.0	23.6
-52.6	26.3
-52.3	29.2
-51.9	32.3
-51.6	35.7
-51.2	39.4
-50.9	43.3
-50.5	47.3
-50.2	51.3
-49.8	55.3
-49.5	59.0
-49.1	62.9
-48.7	66.1
-48.4	69.7
-48.0	72.9
-47.7	76.1
-47.3	78.4
-47.0	80.6
-46.6	82.4
-46.3	84.8
-45.9	86.4
-45.6	87.3
-45.2	88.4
-44.9	90.0
-44.5	90.4
-44.2	91.5
-43.8	91.9
-43.5	92.5
-43.1	93.1
-42.7	93.6
-42.4	94.2
-42.0	93.8
-41.7	94.3
-41.3	94.8
-41.0	94.6
-40.6	94.8
-40.3	95.2
-39.9	95.1
-39.6	95.0
-39.2	95.0
-38.9	95.3
-38.5	94.9
-38.2	95.0
-37.8	95.4
-37.5	95.5
-37.1	95.7
-36.8	96.5
-36.4	96.5
-36.0	96.4
-35.7	96.3
-35.3	96.8
-35.0	97.0
-34.6	96.9
-34.3	96.8
-33.9	97.2
-33.6	97.4
-33.2	97.8
-32.9	98.2
-32.5	98.3
-32.2	98.1
-31.8	98.2
-31.5	98.3
-31.1	98.6
-30.8	98.1
-30.4	98.7
-30.0	98.2
-29.7	98.1
-29.3	98.4
-29.0	97.7
-28.6	97.8
-28.3	97.9
-27.9	97.7
-27.6	98.0
-27.2	97.7
-26.9	97.9
-26.5	97.6
-26.2	97.7
-25.8	98.2
-25.5	98.7
-25.1	98.6
-24.8	98.0
-24.4	98.1
-24.1	98.5
-23.7	97.7
-23.3	97.8
-23.0	97.4
-22.6	97.9
-22.3	97.8
-21.9	97.4
-21.6	97.8
-21.2	97.7
-20.9	98.0
-20.5	98.1
-20.2	98.3
-19.8	98.5
-19.5	98.4
-19.1	99.0
-18.8	98.9
-18.4	99.0
-18.1	98.9
-17.7	99.1
-17.3	99.0
-17.0	98.9
-16.6	99.0
-16.3	98.8
-15.9	98.4
-15.6	98.5
-15.2	98.7
-14.9	99.0
-14.5	98.8
-14.2	99.0
-13.8	99.6
-13.5	99.8
-13.1	99.8
-12.8	99.6
-12.4	99.4
-12.1	99.8
-11.7	99.9
-11.4	99.7
-11.0	100.3
-10.6	100.3
-10.3	100.4
-9.9	100.3
-9.6	100.3
-9.2	100.1
-8.9	100.1
-8.5	100.0
-8.2	99.8
-7.8	99.5
-7.5	99.1
-7.1	99.3
-6.8	99.4
-6.4	99.5
-6.1	99.8
-5.7	99.2
-5.4	99.4
-5.0	99.7
-4.6	99.9
-4.3	100.0
-3.9	100.0
-3.6	100.3
-3.2	100.0
-2.9	99.8
-2.5	99.8
-2.2	99.9
-1.8	100.0
-1.5	100.2
-1.1	100.0
-0.8	99.9
-0.4	99.9
0.0	100.0
0.3	100.3
0.6	100.4
1.0	100.1
1.3	100.5
1.7	100.3
2.1	99.9
2.4	100.5
2.8	100.4
3.1	100.4
3.5	100.6
3.8	100.2
4.2	100.3
4.5	100.7
4.9	100.7
5.2	100.9
5.6	101.1
5.9	101.0
6.3	100.8
6.6	100.9
7.0	100.4
7.3	100.7
7.7	100.7
8.1	101.0
8.4	100.5
8.8	100.2
9.1	100.6
9.5	100.6
9.8	99.9
10.2	100.0
10.5	100.3
10.9	100.2
11.2	100.1
11.6	100.1
11.9	100.0
12.3	100.1
12.6	99.9
13.0	99.9
13.3	100.0
13.7	100.2
14.0	100.1
14.4	100.3
14.8	100.4
15.1	100.5
15.5	100.5
15.8	100.2
16.2	100.2
16.5	99.8
16.9	99.5
17.2	100.1
17.6	99.9
17.9	100.3
18.3	100.1
18.6	100.2
19.0	100.0
19.3	100.1
19.7	99.5
20.0	99.6
20.4	99.5
20.8	99.8
21.1	99.3
21.5	100.0
21.8	99.9
22.2	99.4
22.5	99.7
22.9	99.6
23.2	99.7
23.6	99.9
23.9	99.4
24.3	99.3
24.6	99.7
25.0	99.5
25.3	99.6
25.7	99.8
26.0	99.7
26.4	99.6
26.7	99.8
27.1	99.4
27.5	99.2
27.8	99.2
28.2	98.7
28.5	98.7
28.9	98.2
29.2	98.1
29.6	98.0
29.9	98.5
30.3	98.6
30.6	98.2
31.0	98.4
31.3	98.2
31.7	98.2
32.0	98.3
32.4	98.0
32.7	98.1
33.1	97.8
33.5	98.2
33.8	98.3
34.2	98.1
34.5	98.2
34.9	98.2
35.2	98.1
35.6	97.6
35.9	96.7
36.3	97.0
36.6	96.8
37.0	96.6
37.3	96.8
37.7	96.7
38.0	97.3
38.4	97.1
38.7	97.4
39.1	97.3
39.4	97.0
39.8	96.7
40.2	96.4
40.5	96.2
40.9	95.7
41.2	95.0
41.6	95.0
41.9	94.8
42.3	94.5
42.6	94.8
43.0	94.7
43.3	94.5
43.7	94.5
44.0	93.9
44.4	93.5
44.7	92.6
45.1	91.9
45.4	90.8
45.8	88.8
46.2	87.6
46.5	86.0
46.9	83.9
47.2	82.2
47.6	79.9
47.9	77.2
48.3	74.1
48.6	71.3
49.0	67.8
49.3	64.3
49.7	60.2
50.0	56.1
50.4	52.3
50.7	48.1
51.1	44.1
51.4	40.1
51.8	36.5
52.1	32.9
52.5	29.7
52.9	26.7
53.2	24.1
53.6	21.7
53.9	19.5
54.3	17.6
54.6	15.9
55.0	14.4
55.3	13.0
55.7	11.8
56.0	10.7
56.4	9.9
56.7	8.9
57.1	8.1
57.4	7.4
57.8	6.9
58.1	6.4
58.5	5.9
58.9	5.4
59.2	5.1
59.6	4.7
59.9	4.3
