-60.0	5.7
-59.7	5.9
-59.3	6.4
-59.0	6.8
-58.6	7.1
-58.3	7.6
-57.9	8.1
-57.6	8.5
-57.2	9.1
-56.9	9.7
-56.5	10.5
-56.2	11.3
-55.8	12.2
-55.5	13.3
-55.1	14.4
-54.7	15.7
-54.4	17.2
-54.0	18.9
-53.7	20.8
-53.3	22.8
-53.0	25.2
-52.6	27.8
-52.3	30.9
-51.9	34.1
-51.6	37.7
-51.2	41.6
-50.9	45.6
-50.5	49.7
-50.2	53.6
-49.8	57.8
-49.5	61.6
-49.1	65.2
-48.7	68.8
-48.4	72.3
-48.0	75.3
-47.7	77.9
-47.3	80.3
-47.0	82.1
-46.6	84.0
-46.3	85.6
-45.9	87.4
-45.6	88.9
-45.2	89.9
-44.9	90.7
-44.5	92.3
-44.2	92.9
-43.8	93.1
-43.5	93.7
-43.1	93.7
-42.8	94.2
-42.4	94.7
-42.0	94.8
-41.7	95.4
-41.3	96.2
-41.0	96.2
-40.6	96.3
-40.3	96.4
-39.9	96.5
-39.6	96.6
-39.2	96.6
-38.9	96.7
-38.5	96.5
-38.2	96.3
-37.8	96.1
-37.5	96.1
-37.1	96.5
-36.8	96.3
-36.4	96.5
-36.0	96.5
-35.7	96.9
-35.3	97.1
-35.0	97.5
-34.6	97.9
-34.3	98.1
-33.9	98.4
-33.6	98.1
-33.2	98.0
-32.9	98.2
-32.5	98.2
-32.2	98.4
-31.8	98.3
-31.5	97.9
-31.1	97.6
-30.8	97.8
-30.4	98.4
-30.1	98.9
-29.7	98.6
-29.3	98.6
-29.0	98.6
-28.6	98.7
-28.3	98.6
-27.9	98.2
-27.6	98.4
-27.2	98.1
-26.9	98.4
-26.5	99.0
-26.2	98.9
-25.8	99.0
-25.5	99.5
-25.1	99.4
-24.8	99.3
-24.4	99.4
-24.1	99.5
-23.7	99.2
-23.3	98.9
-23.0	99.1
-22.6	99.1
-22.3	98.9
-21.9	98.7
-21.6	98.5
-21.2	98.4
-20.9	98.5
-20.5	98.4
-20.2	98.0
-19.8	98.3
-19.5	98.7
-19.1	98.7
-18.8	98.9
-18.4	99.4
-18.1	98.3
-17.7	98.1
-17.4	98.4
-17.0	98.9
-16.6	99.3
-16.3	99.6
-15.9	99.9
-15.6	100.1
-15.2	100.2
-14.9	100.1
-14.5	100.1
-14.2	100.2
-13.8	100.2
-13.5	100.0
-13.1	99.9
-12.8	99.9
-12.4	99.4
-12.1	99.3
-11.7	99.3
-11.4	99.6
-11.0	99.4
-10.6	99.8
-10.3	99.8
-9.9	100.2
-9.6	100.5
-9.2	100.0
-8.9	99.9
-8.5	100.2
-8.2	100.4
-7.8	100.6
-7.5	100.3
-7.1	100.5
-6.8	100.8
-6.4	100.7
-6.1	100.9
-5.7	101.0
-5.4	101.4
-5.0	101.4
-4.7	100.9
-4.3	100.8
-3.9	100.5
-3.6	99.7
-3.2	99.6
-2.9	99.4
-2.5	99.2
-2.2	99.7
-1.8	98.9
-1.5	98.8
-1.1	99.8
-0.8	100.1
-0.4	99.6
0.0	100.0
0.3	100.5
0.6	100.6
1.0	101.2
1.3	101.5
1.7	101.5
2.1	101.4
2.4	101.0
2.8	100.8
3.1	100.7
3.5	100.8
3.8	100.7
4.2	100.6
4.5	100.4
4.9	100.4
5.2	100.1
5.6	99.9
5.9	99.7
6.3	99.7
6.6	99.6
7.0	100.1
7.3	99.7
7.7	100.1
8.0	99.8
8.4	99.9
8.8	99.9
9.1	100.6
9.5	100.9
9.8	101.1
10.2	101.3
10.5	101.1
10.9	100.9
11.2	100.9
11.6	100.8
11.9	100.6
12.3	100.0
12.6	99.9
13.0	100.0
13.3	100.0
13.7	99.7
14.0	99.5
14.4	99.8
14.8	99.8
15.1	100.0
15.5	99.4
15.8	100.2
16.2	99.4
16.5	99.6
16.9	99.5
17.2	100.1
17.6	100.2
17.9	100.5
18.3	100.7
18.6	100.6
19.0	101.0
19.3	101.4
19.7	101.0
20.0	100.8
20.4	100.7
20.7	100.8
21.1	100.2
21.5	99.9
21.8	99.7
22.2	99.3
22.5	99.1
22.9	98.6
23.2	98.4
23.6	98.9
23.9	98.7
24.3	98.8
24.6	98.6
25.0	98.7
25.3	98.5
25.7	98.8
26.0	99.2
26.4	98.8
26.7	99.0
27.1	99.0
27.5	99.3
27.8	99.4
28.2	99.6
28.5	99.1
28.9	98.9
29.2	99.1
29.6	98.8
29.9	98.9
30.3	98.5
30.6	98.0
31.0	97.9
31.3	97.8
31.7	98.4
32.0	97.3
32.4	97.8
32.7	97.7
33.1	98.0
33.4	97.6
33.8	98.1
34.2	98.5
34.5	98.6
34.9	98.6
35.2	98.8
35.6	98.6
35.9	98.9
36.3	99.2
36.6	99.0
37.0	98.3
37.3	98.0
37.7	97.8
38.0	97.3
38.4	97.0
38.7	97.2
39.1	96.6
39.4	96.0
39.8	96.1
40.2	95.6
40.5	94.9
40.9	94.7
41.2	94.7
41.6	94.6
41.9	94.1
42.3	93.8
42.6	93.6
43.0	93.1
43.3	92.7
43.7	92.8
44.0	93.5
44.4	93.1
44.7	92.7
45.1	91.8
45.4	91.3
45.8	90.1
46.1	88.2
46.5	86.5
46.9	84.5
47.2	82.5
47.6	80.7
47.9	78.5
48.3	75.9
48.6	73.1
49.0	69.8
49.3	66.6
49.7	63.0
50.0	59.5
50.4	55.6
50.7	51.4
51.1	47.6
51.4	43.9
51.8	40.1
52.1	36.4
52.5	32.9
52.9	29.7
53.2	26.8
53.6	24.0
53.9	21.5
54.3	19.4
54.6	17.4
55.0	15.7
55.3	14.1
55.7	12.6
56.0	11.4
56.4	10.3
56.7	9.3
57.1	8.4
57.4	7.7
57.8	7.1
58.1	6.4
58.5	5.8
58.8	5.4
59.2	5.1
59.6	4.8
59.9	4.5
